 1 138 218 135 1 1 1 "6b"
 2 242 72 59 1 1 1 "A13"
 3 128 192 226 1 1 1 "AAA"
 4 204 204 204 1 1 1 "ab"
 5 64 166 102 1 1 1 "ACA"
 6 64 166 102 1 1 1 "ACA1"
 7 64 166 102 1 1 1 "ACA2/3"
 8 64 166 102 1 1 1 "ACA5"
 9 64 166 102 1 1 1 "ACA6a"
 10 64 166 102 1 1 1 "ACA6b"
 11 64 166 102 1 1 1 "ACAd"
 12 64 166 102 1 1 1 "ACAd1"
 13 64 166 102 1 1 1 "ACAd2/3"
 14 64 166 102 1 1 1 "ACAd5"
 15 64 166 102 1 1 1 "ACAd6a"
 16 64 166 102 1 1 1 "ACAd6b"
 17 64 166 102 1 1 1 "ACAv"
 18 64 166 102 1 1 1 "ACAv1"
 19 64 166 102 1 1 1 "ACAv2/3"
 20 64 166 102 1 1 1 "ACAv5"
 21 64 166 102 1 1 1 "ACAv6a"
 22 64 166 102 1 1 1 "ACAv6b"
 23 128 205 248 1 1 1 "ACB"
 24 204 204 204 1 1 1 "aco"
 25 204 204 204 1 1 1 "act"
 26 255 179 217 1 1 1 "ACVI"
 27 255 179 217 1 1 1 "ACVII"
 28 255 144 159 1 1 1 "AD"
 29 255 85 71 1 1 1 "ADP"
 30 255 85 71 1 1 1 "AHA"
 31 255 76 62 1 1 1 "AHN"
 32 255 76 62 1 1 1 "AHNa"
 33 255 76 62 1 1 1 "AHNc"
 34 255 76 62 1 1 1 "AHNd"
 35 255 76 62 1 1 1 "AHNp"
 36 33 152 102 1 1 1 "AI"
 37 33 152 102 1 1 1 "AId"
 38 33 152 102 1 1 1 "AId1"
 39 33 152 102 1 1 1 "AId2/3"
 40 33 152 102 1 1 1 "AId5"
 41 33 152 102 1 1 1 "AId6a"
 42 33 152 102 1 1 1 "AId6b"
 43 33 152 102 1 1 1 "AIp"
 44 33 152 102 1 1 1 "AIp1"
 45 33 152 102 1 1 1 "AIp2/3"
 46 33 152 102 1 1 1 "AIp5"
 47 33 152 102 1 1 1 "AIp6a"
 48 33 152 102 1 1 1 "AIp6b"
 49 33 152 102 1 1 1 "AIv"
 50 33 152 102 1 1 1 "AIv1"
 51 33 152 102 1 1 1 "AIv2/3"
 52 33 152 102 1 1 1 "AIv5"
 53 33 152 102 1 1 1 "AIv6a"
 54 33 152 102 1 1 1 "AIv6b"
 55 204 204 204 1 1 1 "alv"
 56 255 144 159 1 1 1 "AM"
 57 255 179 217 1 1 1 "AMB"
 58 255 179 217 1 1 1 "AMBd"
 59 255 179 217 1 1 1 "AMBv"
 60 204 204 204 1 1 1 "amc"
 61 255 144 159 1 1 1 "AMd"
 62 255 144 159 1 1 1 "AMv"
 63 255 252 145 1 1 1 "AN"
 64 255 252 145 1 1 1 "ANcr1"
 65 236 231 84 1 1 1 "ANcr1gr"
 66 255 252 145 1 1 1 "ANcr1mo"
 67 255 252 145 1 1 1 "ANcr1pu"
 68 255 252 145 1 1 1 "ANcr2"
 69 236 231 84 1 1 1 "ANcr2gr"
 70 255 252 145 1 1 1 "ANcr2mo"
 71 255 252 145 1 1 1 "ANcr2pu"
 72 157 240 210 1 1 1 "AOB"
 73 157 240 210 1 1 1 "AOBgl"
 74 149 228 200 1 1 1 "AOBgr"
 75 157 240 210 1 1 1 "AOBmi"
 76 204 204 204 1 1 1 "aolt"
 77 84 191 148 1 1 1 "AON"
 78 84 191 148 1 1 1 "AON1"
 79 84 191 148 1 1 1 "AON2"
 80 84 191 148 1 1 1 "AONd"
 81 84 191 148 1 1 1 "AONe"
 82 84 191 148 1 1 1 "AONl"
 83 84 191 148 1 1 1 "AONm"
 84 84 191 148 1 1 1 "AONpv"
 85 204 204 204 1 1 1 "aot"
 86 255 165 210 1 1 1 "AP"
 87 204 204 204 1 1 1 "apd"
 88 170 170 170 1 1 1 "apf"
 89 255 144 255 1 1 1 "APN"
 90 170 170 170 1 1 1 "AQ"
 91 204 204 204 1 1 1 "arb"
 92 255 93 80 1 1 1 "ARH"
 93 255 93 80 1 1 1 "ASO"
 94 255 144 255 1 1 1 "AT"
 95 255 144 159 1 1 1 "ATN"
 96 1 147 153 1 1 1 "AUD"
 97 1 147 153 1 1 1 "AUDd"
 98 1 147 153 1 1 1 "AUDd1"
 99 1 147 153 1 1 1 "AUDd2/3"
 100 1 147 153 1 1 1 "AUDd4"
 101 1 147 153 1 1 1 "AUDd5"
 102 1 147 153 1 1 1 "AUDd6a"
 103 1 147 153 1 1 1 "AUDd6b"
 104 1 147 153 1 1 1 "AUDp"
 105 1 147 153 1 1 1 "AUDp1"
 106 1 147 153 1 1 1 "AUDp2/3"
 107 1 147 153 1 1 1 "AUDp4"
 108 1 147 153 1 1 1 "AUDp5"
 109 1 147 153 1 1 1 "AUDp6a"
 110 1 147 153 1 1 1 "AUDp6b"
 111 1 147 153 1 1 1 "AUDpo"
 112 1 147 153 1 1 1 "AUDpo1"
 113 1 147 153 1 1 1 "AUDpo2/3"
 114 1 147 153 1 1 1 "AUDpo4"
 115 1 147 153 1 1 1 "AUDpo5"
 116 1 147 153 1 1 1 "AUDpo6a"
 117 1 147 153 1 1 1 "AUDpo6b"
 118 1 147 153 1 1 1 "AUDv"
 119 1 147 153 1 1 1 "AUDv1"
 120 1 147 153 1 1 1 "AUDv2/3"
 121 1 147 153 1 1 1 "AUDv4"
 122 1 147 153 1 1 1 "AUDv5"
 123 1 147 153 1 1 1 "AUDv6a"
 124 1 147 153 1 1 1 "AUDv6b"
 125 255 144 159 1 1 1 "AV"
 126 255 85 71 1 1 1 "AVP"
 127 255 85 71 1 1 1 "AVPV"
 128 255 186 134 1 1 1 "B"
 129 128 192 226 1 1 1 "BA"
 130 179 192 223 1 1 1 "BAC"
 131 204 204 204 1 1 1 "bct"
 132 204 204 204 1 1 1 "bic"
 133 157 231 156 1 1 1 "BLA"
 134 157 231 156 1 1 1 "BLAa"
 135 157 231 156 1 1 1 "BLAp"
 136 157 231 156 1 1 1 "BLAv"
 137 132 234 129 1 1 1 "BMA"
 138 132 234 129 1 1 1 "BMAa"
 139 132 234 129 1 1 1 "BMAp"
 140 255 112 128 1 1 1 "BS"
 141 204 204 204 1 1 1 "bsc"
 142 179 192 223 1 1 1 "BST"
 143 179 192 223 1 1 1 "BSTa"
 144 179 192 223 1 1 1 "BSTal"
 145 179 192 223 1 1 1 "BSTam"
 146 179 192 223 1 1 1 "BSTd"
 147 179 192 223 1 1 1 "BSTdm"
 148 179 192 223 1 1 1 "BSTfu"
 149 179 192 223 1 1 1 "BSTif"
 150 179 192 223 1 1 1 "BSTju"
 151 179 192 223 1 1 1 "BSTmg"
 152 179 192 223 1 1 1 "BSTov"
 153 179 192 223 1 1 1 "BSTp"
 154 179 192 223 1 1 1 "BSTpr"
 155 179 192 223 1 1 1 "BSTrh"
 156 179 192 223 1 1 1 "BSTse"
 157 179 192 223 1 1 1 "BSTtr"
 158 179 192 223 1 1 1 "BSTv"
 159 170 170 170 1 1 1 "c"
 160 126 208 75 1 1 1 "CA"
 161 126 208 75 1 1 1 "CA1"
 162 126 208 75 1 1 1 "CA1slm"
 163 126 208 75 1 1 1 "CA1so"
 164 102 168 61 1 1 1 "CA1sp"
 165 126 208 75 1 1 1 "CA1sr"
 166 126 208 75 1 1 1 "CA2"
 167 126 208 75 1 1 1 "CA2slm"
 168 126 208 75 1 1 1 "CA2so"
 169 102 168 61 1 1 1 "CA2sp"
 170 126 208 75 1 1 1 "CA2sr"
 171 126 208 75 1 1 1 "CA3"
 172 126 208 75 1 1 1 "CA3slm"
 173 126 208 75 1 1 1 "CA3slu"
 174 126 208 75 1 1 1 "CA3so"
 175 102 168 61 1 1 1 "CA3sp"
 176 126 208 75 1 1 1 "CA3sr"
 177 240 240 128 1 1 1 "CB"
 178 204 204 204 1 1 1 "cbc"
 179 204 204 204 1 1 1 "cbf"
 180 240 240 128 1 1 1 "CBN"
 181 204 204 204 1 1 1 "cbp"
 182 204 204 204 1 1 1 "cbt"
 183 240 240 128 1 1 1 "CBX"
 184 236 231 84 1 1 1 "CBXgr"
 185 255 252 145 1 1 1 "CBXmo"
 186 255 252 145 1 1 1 "CBXpu"
 187 204 204 204 1 1 1 "cc"
 188 204 204 204 1 1 1 "ccg"
 189 204 204 204 1 1 1 "ccr"
 190 204 204 204 1 1 1 "ccs"
 191 204 204 204 1 1 1 "cct"
 192 128 192 226 1 1 1 "CEA"
 193 128 192 226 1 1 1 "CEAc"
 194 128 192 226 1 1 1 "CEAl"
 195 128 192 226 1 1 1 "CEAm"
 196 255 252 145 1 1 1 "CENT"
 197 255 252 145 1 1 1 "CENT2"
 198 236 231 84 1 1 1 "CENT2gr"
 199 255 252 145 1 1 1 "CENT2mo"
 200 255 252 145 1 1 1 "CENT2pu"
 201 255 252 145 1 1 1 "CENT3"
 202 236 231 84 1 1 1 "CENT3gr"
 203 255 252 145 1 1 1 "CENT3mo"
 204 255 252 145 1 1 1 "CENT3pu"
 205 204 204 204 1 1 1 "cett"
 206 176 240 255 1 1 1 "CH"
 207 170 170 170 1 1 1 "chfl"
 208 170 170 170 1 1 1 "chpl"
 209 204 204 204 1 1 1 "cic"
 210 204 204 204 1 1 1 "cing"
 211 255 144 159 1 1 1 "CL"
 212 138 218 135 1 1 1 "CLA"
 213 255 166 255 1 1 1 "CLI"
 214 255 144 159 1 1 1 "CM"
 215 204 204 204 1 1 1 "cm"
 216 255 165 210 1 1 1 "CN"
 217 255 165 210 1 1 1 "CNlam"
 218 255 165 210 1 1 1 "CNspg"
 219 152 214 249 1 1 1 "CNU"
 220 97 231 183 1 1 1 "COA"
 221 97 231 183 1 1 1 "COAa"
 222 97 231 183 1 1 1 "COAa1"
 223 97 231 183 1 1 1 "COAa2"
 224 97 231 183 1 1 1 "COAa3"
 225 97 231 183 1 1 1 "COAp"
 226 97 231 183 1 1 1 "COApl"
 227 97 231 183 1 1 1 "COApl1"
 228 97 231 183 1 1 1 "COApl1-2"
 229 97 231 183 1 1 1 "COApl1-3"
 230 97 231 183 1 1 1 "COApl2"
 231 97 231 183 1 1 1 "COApl3"
 232 97 231 183 1 1 1 "COApm"
 233 97 231 183 1 1 1 "COApm1"
 234 97 231 183 1 1 1 "COApm1-2"
 235 97 231 183 1 1 1 "COApm1-3"
 236 97 231 183 1 1 1 "COApm2"
 237 97 231 183 1 1 1 "COApm3"
 238 255 252 145 1 1 1 "COPY"
 239 236 231 84 1 1 1 "COPYgr"
 240 255 252 145 1 1 1 "COPYmo"
 241 255 252 145 1 1 1 "COPYpu"
 242 152 214 249 1 1 1 "CP"
 243 204 204 204 1 1 1 "cpd"
 244 204 204 204 1 1 1 "cpt"
 245 204 204 204 1 1 1 "crt"
 246 255 195 149 1 1 1 "CS"
 247 204 204 204 1 1 1 "csc"
 248 255 195 149 1 1 1 "CSl"
 249 255 195 149 1 1 1 "CSm"
 250 204 204 204 1 1 1 "cst"
 251 204 204 204 1 1 1 "cstc"
 252 204 204 204 1 1 1 "cstu"
 253 204 204 204 1 1 1 "ctb"
 254 204 204 204 1 1 1 "cte"
 255 176 255 184 1 1 1 "CTX"
 256 112 255 112 1 1 1 "CTXpl"
 257 138 218 135 1 1 1 "CTXsp"
 258 255 165 210 1 1 1 "CU"
 259 204 204 204 1 1 1 "cuf"
 260 255 252 145 1 1 1 "CUL"
 261 255 252 145 1 1 1 "CUL4"
 262 255 252 145 1 1 1 "CUL4 5"
 263 236 231 84 1 1 1 "CUL4 5gr"
 264 255 252 145 1 1 1 "CUL4 5mo"
 265 255 252 145 1 1 1 "CUL4 5pu"
 266 236 231 84 1 1 1 "CUL4gr"
 267 255 252 145 1 1 1 "CUL4mo"
 268 255 252 145 1 1 1 "CUL4pu"
 269 255 252 145 1 1 1 "CUL5"
 270 236 231 84 1 1 1 "CUL5gr"
 271 255 252 145 1 1 1 "CUL5mo"
 272 255 252 145 1 1 1 "CUL5pu"
 273 255 144 255 1 1 1 "CUN"
 274 204 204 204 1 1 1 "cvb"
 275 204 204 204 1 1 1 "cVIIIn"
 276 204 204 204 1 1 1 "das"
 277 204 204 204 1 1 1 "db"
 278 204 204 204 1 1 1 "dc"
 279 204 204 204 1 1 1 "dcm"
 280 255 165 210 1 1 1 "DCN"
 281 255 165 210 1 1 1 "DCO"
 282 255 252 145 1 1 1 "DEC"
 283 236 231 84 1 1 1 "DECgr"
 284 255 252 145 1 1 1 "DECmo"
 285 255 252 145 1 1 1 "DECpu"
 286 204 204 204 1 1 1 "df"
 287 126 208 75 1 1 1 "DG"
 288 126 208 75 1 1 1 "DGcr"
 289 126 208 75 1 1 1 "DGcr-mo"
 290 126 208 75 1 1 1 "DGcr-po"
 291 126 208 75 1 1 1 "DGcr-sg"
 292 126 208 75 1 1 1 "DGlb"
 293 126 208 75 1 1 1 "DGlb-mo"
 294 126 208 75 1 1 1 "DGlb-po"
 295 126 208 75 1 1 1 "DGlb-sg"
 296 126 208 75 1 1 1 "DGmb"
 297 126 208 75 1 1 1 "DGmb-mo"
 298 126 208 75 1 1 1 "DGmb-po"
 299 126 208 75 1 1 1 "DGmb-sg"
 300 126 208 75 1 1 1 "DG-mo"
 301 126 208 75 1 1 1 "DG-po"
 302 102 168 61 1 1 1 "DG-sg"
 303 126 208 75 1 1 1 "DG-sgz"
 304 204 204 204 1 1 1 "dhc"
 305 204 204 204 1 1 1 "dl"
 306 204 204 204 1 1 1 "dlf"
 307 255 85 71 1 1 1 "DMH"
 308 255 85 71 1 1 1 "DMHa"
 309 255 85 71 1 1 1 "DMHp"
 310 255 85 71 1 1 1 "DMHv"
 311 255 179 217 1 1 1 "DMX"
 312 255 253 188 1 1 1 "DN"
 313 255 144 159 1 1 1 "DORpm"
 314 255 128 132 1 1 1 "DORsm"
 315 164 218 164 1 1 1 "DP"
 316 164 218 164 1 1 1 "DP1"
 317 164 218 164 1 1 1 "DP2"
 318 164 218 164 1 1 1 "DP2/3"
 319 164 218 164 1 1 1 "DP5"
 320 164 218 164 1 1 1 "DP6a"
 321 255 166 255 1 1 1 "DR"
 322 204 204 204 1 1 1 "drt"
 323 204 204 204 1 1 1 "dscp"
 324 255 144 255 1 1 1 "DT"
 325 204 204 204 1 1 1 "dtd"
 326 255 186 134 1 1 1 "DTN"
 327 204 204 204 1 1 1 "dtt"
 328 204 204 204 1 1 1 "ec"
 329 255 179 217 1 1 1 "ECO"
 330 13 159 145 1 1 1 "ECT"
 331 13 159 145 1 1 1 "ECT1"
 332 13 159 145 1 1 1 "ECT2/3"
 333 13 159 145 1 1 1 "ECT5"
 334 13 159 145 1 1 1 "ECT6a"
 335 13 159 145 1 1 1 "ECT6b"
 336 255 165 210 1 1 1 "ECU"
 337 204 204 204 1 1 1 "ee"
 338 170 170 170 1 1 1 "eg"
 339 204 204 204 1 1 1 "em"
 340 50 184 37 1 1 1 "ENT"
 341 50 184 37 1 1 1 "ENTl"
 342 50 184 37 1 1 1 "ENTl1"
 343 50 184 37 1 1 1 "ENTl2"
 344 50 184 37 1 1 1 "ENTl2/3"
 345 50 184 37 1 1 1 "ENTl2a"
 346 50 184 37 1 1 1 "ENTl2b"
 347 50 184 37 1 1 1 "ENTl3"
 348 50 184 37 1 1 1 "ENTl4"
 349 50 184 37 1 1 1 "ENTl4/5"
 350 50 184 37 1 1 1 "ENTl5"
 351 50 184 37 1 1 1 "ENTl5/6"
 352 50 184 37 1 1 1 "ENTl6a"
 353 50 184 37 1 1 1 "ENTl6b"
 354 50 184 37 1 1 1 "ENTm"
 355 50 184 37 1 1 1 "ENTm1"
 356 50 184 37 1 1 1 "ENTm2"
 357 50 184 37 1 1 1 "ENTm2a"
 358 50 184 37 1 1 1 "ENTm2b"
 359 50 184 37 1 1 1 "ENTm3"
 360 50 184 37 1 1 1 "ENTm4"
 361 50 184 37 1 1 1 "ENTm5"
 362 50 184 37 1 1 1 "ENTm5/6"
 363 50 184 37 1 1 1 "ENTm6"
 364 50 184 37 1 1 1 "ENTmv"
 365 50 184 37 1 1 1 "ENTmv1"
 366 50 184 37 1 1 1 "ENTmv2"
 367 50 184 37 1 1 1 "ENTmv3"
 368 50 184 37 1 1 1 "ENTmv4"
 369 50 184 37 1 1 1 "ENTmv5/6"
 370 160 238 157 1 1 1 "EP"
 371 160 238 157 1 1 1 "EPd"
 372 255 144 159 1 1 1 "EPI"
 373 204 204 204 1 1 1 "eps"
 374 204 204 204 1 1 1 "epsc"
 375 160 238 157 1 1 1 "EPv"
 376 255 179 217 1 1 1 "EV"
 377 255 144 255 1 1 1 "EW"
 378 204 204 204 1 1 1 "fa"
 379 126 208 75 1 1 1 "FC"
 380 242 72 59 1 1 1 "FF"
 381 204 204 204 1 1 1 "fi"
 382 204 204 204 1 1 1 "fiber tracts"
 383 255 252 145 1 1 1 "FL"
 384 236 231 84 1 1 1 "FLgr"
 385 255 252 145 1 1 1 "FLmo"
 386 255 252 145 1 1 1 "FLpu"
 387 255 253 188 1 1 1 "FN"
 388 255 252 145 1 1 1 "FOTU"
 389 236 231 84 1 1 1 "FOTUgr"
 390 255 252 145 1 1 1 "FOTUmo"
 391 255 252 145 1 1 1 "FOTUpu"
 392 204 204 204 1 1 1 "fp"
 393 204 204 204 1 1 1 "fpr"
 394 204 204 204 1 1 1 "fr"
 395 38 143 69 1 1 1 "FRP"
 396 38 143 69 1 1 1 "FRP1"
 397 38 143 69 1 1 1 "FRP2/3"
 398 128 205 248 1 1 1 "FS"
 399 204 204 204 1 1 1 "fx"
 400 204 204 204 1 1 1 "fxpo"
 401 204 204 204 1 1 1 "fxprg"
 402 204 204 204 1 1 1 "fxs"
 403 255 128 132 1 1 1 "GENd"
 404 255 144 159 1 1 1 "GENv"
 405 133 153 204 1 1 1 "GPe"
 406 133 153 204 1 1 1 "GPi"
 407 255 165 210 1 1 1 "GR"
 408 191 218 227 1 1 1 "grey"
 409 204 204 204 1 1 1 "grf"
 410 255 179 217 1 1 1 "GRN"
 411 170 170 170 1 1 1 "grv"
 412 170 170 170 1 1 1 "grv of CBX"
 413 170 170 170 1 1 1 "grv of CTX"
 414 0 156 117 1 1 1 "GU"
 415 0 156 117 1 1 1 "GU1"
 416 0 156 117 1 1 1 "GU2/3"
 417 0 156 117 1 1 1 "GU4"
 418 0 156 117 1 1 1 "GU5"
 419 0 156 117 1 1 1 "GU6a"
 420 0 156 117 1 1 1 "GU6b"
 421 204 204 204 1 1 1 "gVIIn"
 422 255 155 136 1 1 1 "HB"
 423 204 204 204 1 1 1 "hbc"
 424 204 204 204 1 1 1 "hc"
 425 255 252 145 1 1 1 "HEM"
 426 170 170 170 1 1 1 "hf"
 427 204 204 204 1 1 1 "hht"
 428 126 208 75 1 1 1 "HIP"
 429 126 208 75 1 1 1 "HPF"
 430 230 68 56 1 1 1 "HY"
 431 128 192 226 1 1 1 "IA"
 432 255 144 159 1 1 1 "IAD"
 433 204 204 204 1 1 1 "iaf"
 434 255 144 159 1 1 1 "IAM"
 435 204 204 204 1 1 1 "ias"
 436 255 112 128 1 1 1 "IB"
 437 255 122 255 1 1 1 "IC"
 438 255 179 217 1 1 1 "ICB"
 439 255 122 255 1 1 1 "ICc"
 440 255 122 255 1 1 1 "ICd"
 441 255 122 255 1 1 1 "ICe"
 442 170 170 170 1 1 1 "icf"
 443 204 204 204 1 1 1 "icp"
 444 255 166 255 1 1 1 "IF"
 445 126 208 75 1 1 1 "IG"
 446 255 144 159 1 1 1 "IGL"
 447 255 144 255 1 1 1 "III"
 448 204 204 204 1 1 1 "IIIn"
 449 204 204 204 1 1 1 "IIn"
 450 89 179 99 1 1 1 "ILA"
 451 89 179 99 1 1 1 "ILA1"
 452 89 179 99 1 1 1 "ILA2"
 453 89 179 99 1 1 1 "ILA2/3"
 454 89 179 99 1 1 1 "ILA5"
 455 89 179 99 1 1 1 "ILA6a"
 456 89 179 99 1 1 1 "ILA6b"
 457 255 144 159 1 1 1 "ILM"
 458 204 204 204 1 1 1 "im"
 459 255 144 159 1 1 1 "IMD"
 460 204 204 204 1 1 1 "In"
 461 255 144 255 1 1 1 "INC"
 462 204 204 204 1 1 1 "int"
 463 255 179 217 1 1 1 "INV"
 464 255 179 217 1 1 1 "IO"
 465 255 253 188 1 1 1 "IP"
 466 170 170 170 1 1 1 "ipf"
 467 170 170 170 1 1 1 "IPF"
 468 255 166 255 1 1 1 "IPN"
 469 255 179 217 1 1 1 "IRN"
 470 128 205 248 1 1 1 "isl"
 471 128 205 248 1 1 1 "islm"
 472 255 179 217 1 1 1 "ISN"
 473 112 255 113 1 1 1 "Isocortex"
 474 255 144 255 1 1 1 "IV"
 475 204 204 204 1 1 1 "IVd"
 476 170 170 170 1 1 1 "IVF"
 477 204 204 204 1 1 1 "iVIIn"
 478 204 204 204 1 1 1 "IVn"
 479 204 204 204 1 1 1 "IXn"
 480 204 204 204 1 1 1 "jrb"
 481 255 174 111 1 1 1 "KF"
 482 144 235 141 1 1 1 "LA"
 483 204 204 204 1 1 1 "lab"
 484 255 144 159 1 1 1 "LAT"
 485 255 179 217 1 1 1 "LAV"
 486 255 195 149 1 1 1 "LC"
 487 255 144 159 1 1 1 "LD"
 488 255 195 149 1 1 1 "LDT"
 489 204 204 204 1 1 1 "lfbs"
 490 204 204 204 1 1 1 "lfbst"
 491 255 128 132 1 1 1 "LGd"
 492 255 144 159 1 1 1 "LGv"
 493 255 144 159 1 1 1 "LGvl"
 494 255 144 159 1 1 1 "LGvm"
 495 255 144 159 1 1 1 "LH"
 496 242 72 59 1 1 1 "LHA"
 497 255 179 217 1 1 1 "LIN"
 498 255 252 145 1 1 1 "LING"
 499 236 231 84 1 1 1 "LINGgr"
 500 255 252 145 1 1 1 "LINGmo"
 501 255 252 145 1 1 1 "LINGpu"
 502 204 204 204 1 1 1 "ll"
 503 255 76 62 1 1 1 "LM"
 504 204 204 204 1 1 1 "lot"
 505 204 204 204 1 1 1 "lotd"
 506 204 204 204 1 1 1 "lotg"
 507 255 144 159 1 1 1 "LP"
 508 242 72 59 1 1 1 "LPO"
 509 255 179 217 1 1 1 "LRN"
 510 255 179 217 1 1 1 "LRNm"
 511 255 179 217 1 1 1 "LRNp"
 512 144 203 237 1 1 1 "LS"
 513 144 203 237 1 1 1 "LSc"
 514 144 203 237 1 1 1 "LSr"
 515 144 203 237 1 1 1 "LSv"
 516 144 203 237 1 1 1 "LSX"
 517 255 144 255 1 1 1 "LT"
 518 255 186 134 1 1 1 "LTN"
 519 242 72 59 1 1 1 "LZ"
 520 162 177 216 1 1 1 "MA"
 521 255 179 217 1 1 1 "MARN"
 522 255 100 255 1 1 1 "MB"
 523 255 144 255 1 1 1 "MBmot"
 524 255 76 62 1 1 1 "MBO"
 525 255 122 255 1 1 1 "MBsen"
 526 255 144 255 1 1 1 "MBsta"
 527 204 204 204 1 1 1 "mcp"
 528 204 204 204 1 1 1 "mct"
 529 255 144 159 1 1 1 "MD"
 530 255 144 159 1 1 1 "MDc"
 531 255 144 159 1 1 1 "MDl"
 532 255 144 159 1 1 1 "MDm"
 533 255 179 217 1 1 1 "MDRN"
 534 255 179 217 1 1 1 "MDRNd"
 535 255 179 217 1 1 1 "MDRNv"
 536 242 72 59 1 1 1 "ME"
 537 128 192 226 1 1 1 "MEA"
 538 128 192 226 1 1 1 "MEAad"
 539 128 192 226 1 1 1 "MEAav"
 540 128 192 226 1 1 1 "MEApd"
 541 128 192 226 1 1 1 "MEApd-a"
 542 128 192 226 1 1 1 "MEApd-b"
 543 128 192 226 1 1 1 "MEApd-c"
 544 128 192 226 1 1 1 "MEApv"
 545 255 144 159 1 1 1 "MED"
 546 255 85 71 1 1 1 "MEPO"
 547 255 122 255 1 1 1 "MEV"
 548 255 76 62 1 1 1 "MEZ"
 549 204 204 204 1 1 1 "mfb"
 550 204 204 204 1 1 1 "mfbc"
 551 204 204 204 1 1 1 "mfbs"
 552 204 204 204 1 1 1 "mfbse"
 553 204 204 204 1 1 1 "mfbsm"
 554 204 204 204 1 1 1 "mfbsma"
 555 204 204 204 1 1 1 "mfbst"
 556 204 204 204 1 1 1 "mfsbshy"
 557 255 128 132 1 1 1 "MG"
 558 255 128 132 1 1 1 "MGd"
 559 255 128 132 1 1 1 "MGm"
 560 255 128 132 1 1 1 "MGv"
 561 255 144 159 1 1 1 "MH"
 562 204 204 204 1 1 1 "ml"
 563 204 204 204 1 1 1 "mlf"
 564 255 76 62 1 1 1 "MM"
 565 255 76 62 1 1 1 "Mmme"
 566 31 157 90 1 1 1 "MO"
 567 31 157 90 1 1 1 "MO1"
 568 31 157 90 1 1 1 "MO2/3"
 569 31 157 90 1 1 1 "MO5"
 570 31 157 90 1 1 1 "MO6a"
 571 31 157 90 1 1 1 "MO6b"
 572 154 210 189 1 1 1 "MOB"
 573 130 199 174 1 1 1 "MOBgl"
 574 130 199 174 1 1 1 "MOBgr"
 575 154 210 189 1 1 1 "MOBipl"
 576 130 199 174 1 1 1 "MOBmi"
 577 154 210 189 1 1 1 "MOBopl"
 578 31 157 90 1 1 1 "MOp"
 579 31 157 90 1 1 1 "MOp1"
 580 31 157 90 1 1 1 "MOp2/3"
 581 31 157 90 1 1 1 "MOp5"
 582 31 157 90 1 1 1 "MOp6a"
 583 31 157 90 1 1 1 "MOp6b"
 584 31 157 90 1 1 1 "MOs"
 585 31 157 90 1 1 1 "MOs1"
 586 31 157 90 1 1 1 "MOs2/3"
 587 31 157 90 1 1 1 "MOs5"
 588 31 157 90 1 1 1 "MOs6a"
 589 31 157 90 1 1 1 "MOs6b"
 590 204 204 204 1 1 1 "moV"
 591 204 204 204 1 1 1 "mp"
 592 255 76 62 1 1 1 "MPN"
 593 255 76 62 1 1 1 "MPNc"
 594 255 76 62 1 1 1 "MPNl"
 595 255 76 62 1 1 1 "MPNm"
 596 255 85 71 1 1 1 "MPO"
 597 255 144 255 1 1 1 "MPT"
 598 255 144 255 1 1 1 "MRN"
 599 255 144 255 1 1 1 "MRNm"
 600 255 144 255 1 1 1 "MRNmg"
 601 255 144 255 1 1 1 "MRNp"
 602 150 167 211 1 1 1 "MS"
 603 150 167 211 1 1 1 "MSC"
 604 255 144 255 1 1 1 "MT"
 605 204 204 204 1 1 1 "mtc"
 606 204 204 204 1 1 1 "mtg"
 607 255 144 159 1 1 1 "MTN"
 608 204 204 204 1 1 1 "mtt"
 609 204 204 204 1 1 1 "mtV"
 610 255 179 217 1 1 1 "MV"
 611 255 155 205 1 1 1 "MY"
 612 255 179 217 1 1 1 "MY-mot"
 613 255 198 226 1 1 1 "MY-sat"
 614 255 165 210 1 1 1 "MY-sen"
 615 255 122 255 1 1 1 "NB"
 616 255 93 80 1 1 1 "NC"
 617 255 144 255 1 1 1 "ND"
 618 150 167 211 1 1 1 "NDB"
 619 170 170 170 1 1 1 "nf"
 620 255 195 149 1 1 1 "NI"
 621 255 179 217 1 1 1 "NIS"
 622 255 174 111 1 1 1 "NLL"
 623 255 174 111 1 1 1 "NLLd"
 624 255 174 111 1 1 1 "NLLh"
 625 255 174 111 1 1 1 "NLLv"
 626 149 228 200 1 1 1 "NLOT"
 627 149 228 200 1 1 1 "NLOT1"
 628 149 228 200 1 1 1 "NLOT1-3"
 629 149 228 200 1 1 1 "NLOT2"
 630 149 228 200 1 1 1 "NLOT3"
 631 255 252 145 1 1 1 "NOD"
 632 236 231 84 1 1 1 "NODgr"
 633 255 252 145 1 1 1 "NODmo"
 634 255 252 145 1 1 1 "NODpu"
 635 255 144 255 1 1 1 "NOT"
 636 255 144 255 1 1 1 "NPC"
 637 255 179 217 1 1 1 "NR"
 638 204 204 204 1 1 1 "nst"
 639 255 165 210 1 1 1 "NTB"
 640 255 165 210 1 1 1 "NTS"
 641 255 165 210 1 1 1 "NTSce"
 642 255 165 210 1 1 1 "NTSco"
 643 255 165 210 1 1 1 "NTSge"
 644 255 165 210 1 1 1 "NTSl"
 645 255 165 210 1 1 1 "NTSm"
 646 204 204 204 1 1 1 "ntt"
 647 204 204 204 1 1 1 "och"
 648 204 204 204 1 1 1 "oct"
 649 154 210 189 1 1 1 "OLF"
 650 204 204 204 1 1 1 "onl"
 651 255 144 255 1 1 1 "OP"
 652 204 204 204 1 1 1 "opt"
 653 36 138 94 1 1 1 "ORB"
 654 36 138 94 1 1 1 "ORB1"
 655 36 138 94 1 1 1 "ORB2/3"
 656 36 138 94 1 1 1 "ORB5"
 657 36 138 94 1 1 1 "ORB6a"
 658 36 138 94 1 1 1 "ORB6b"
 659 36 138 94 1 1 1 "ORBl"
 660 36 138 94 1 1 1 "ORBl1"
 661 36 138 94 1 1 1 "ORBl2/3"
 662 36 138 94 1 1 1 "ORBl5"
 663 36 138 94 1 1 1 "ORBl6a"
 664 36 138 94 1 1 1 "ORBl6b"
 665 36 138 94 1 1 1 "ORBm"
 666 36 138 94 1 1 1 "ORBm1"
 667 36 138 94 1 1 1 "ORBm2"
 668 36 138 94 1 1 1 "ORBm2/3"
 669 36 138 94 1 1 1 "ORBm5"
 670 36 138 94 1 1 1 "ORBm6a"
 671 36 138 94 1 1 1 "ORBv"
 672 36 138 94 1 1 1 "ORBvl"
 673 36 138 94 1 1 1 "ORBvl1"
 674 36 138 94 1 1 1 "ORBvl2/3"
 675 36 138 94 1 1 1 "ORBvl5"
 676 36 138 94 1 1 1 "ORBvl6a"
 677 36 138 94 1 1 1 "ORBvl6b"
 678 128 205 248 1 1 1 "OT"
 679 128 205 248 1 1 1 "OT1"
 680 128 205 248 1 1 1 "OT1-3"
 681 128 205 248 1 1 1 "OT2"
 682 128 205 248 1 1 1 "OT3"
 683 255 85 71 1 1 1 "OV"
 684 255 155 136 1 1 1 "P"
 685 151 236 147 1 1 1 "PA"
 686 89 218 171 1 1 1 "PAA"
 687 89 218 171 1 1 1 "PAA1"
 688 89 218 171 1 1 1 "PAA1-3"
 689 89 218 171 1 1 1 "PAA2"
 690 89 218 171 1 1 1 "PAA3"
 691 255 144 255 1 1 1 "PAG"
 692 133 153 204 1 1 1 "PAL"
 693 179 192 223 1 1 1 "PALc"
 694 133 153 204 1 1 1 "PALd"
 695 150 167 211 1 1 1 "PALm"
 696 162 177 216 1 1 1 "PALv"
 697 204 204 204 1 1 1 "pap"
 698 114 213 105 1 1 1 "PAR"
 699 114 213 105 1 1 1 "PAR1"
 700 114 213 105 1 1 1 "PAR2"
 701 114 213 105 1 1 1 "PAR3"
 702 255 179 217 1 1 1 "PARN"
 703 255 179 217 1 1 1 "PAS"
 704 255 174 111 1 1 1 "PB"
 705 255 122 255 1 1 1 "PBG"
 706 255 174 111 1 1 1 "PBl"
 707 255 174 111 1 1 1 "PBlc"
 708 255 174 111 1 1 1 "PBld"
 709 255 174 111 1 1 1 "PBle"
 710 255 174 111 1 1 1 "PBls"
 711 255 174 111 1 1 1 "PBlv"
 712 255 174 111 1 1 1 "PBm"
 713 255 174 111 1 1 1 "PBme"
 714 255 174 111 1 1 1 "PBmm"
 715 255 174 111 1 1 1 "PBmv"
 716 204 204 204 1 1 1 "pc"
 717 170 170 170 1 1 1 "pce"
 718 170 170 170 1 1 1 "pcf"
 719 255 186 134 1 1 1 "PCG"
 720 255 144 159 1 1 1 "PCN"
 721 255 85 71 1 1 1 "PD"
 722 204 204 204 1 1 1 "per"
 723 14 150 132 1 1 1 "PERI"
 724 14 150 132 1 1 1 "PERI1"
 725 14 150 132 1 1 1 "PERI2/3"
 726 14 150 132 1 1 1 "PERI5"
 727 14 150 132 1 1 1 "PERI6a"
 728 14 150 132 1 1 1 "PERI6b"
 729 255 144 159 1 1 1 "PF"
 730 255 252 145 1 1 1 "PFL"
 731 236 231 84 1 1 1 "PFLgr"
 732 255 252 145 1 1 1 "PFLmo"
 733 255 252 145 1 1 1 "PFLpu"
 734 170 170 170 1 1 1 "pfs"
 735 255 186 134 1 1 1 "PG"
 736 255 179 217 1 1 1 "PGRN"
 737 255 179 217 1 1 1 "PGRNd"
 738 255 179 217 1 1 1 "PGRNl"
 739 255 76 62 1 1 1 "PH"
 740 204 204 204 1 1 1 "php"
 741 204 204 204 1 1 1 "phpd"
 742 204 204 204 1 1 1 "phpl"
 743 204 204 204 1 1 1 "phpm"
 744 204 204 204 1 1 1 "phpv"
 745 255 179 217 1 1 1 "PHY"
 746 255 144 159 1 1 1 "PIN"
 747 106 203 186 1 1 1 "PIR"
 748 106 203 186 1 1 1 "PIR1"
 749 106 203 186 1 1 1 "PIR1-3"
 750 106 203 186 1 1 1 "PIR2"
 751 106 203 186 1 1 1 "PIR3"
 752 204 204 204 1 1 1 "PIS"
 753 47 168 80 1 1 1 "PL"
 754 47 168 80 1 1 1 "PL1"
 755 47 168 80 1 1 1 "PL2"
 756 47 168 80 1 1 1 "PL2/3"
 757 47 168 80 1 1 1 "PL5"
 758 47 168 80 1 1 1 "PL6a"
 759 47 168 80 1 1 1 "PL6b"
 760 170 170 170 1 1 1 "plf"
 761 204 204 204 1 1 1 "pm"
 762 255 76 62 1 1 1 "PMd"
 763 255 186 134 1 1 1 "P-mot"
 764 255 179 217 1 1 1 "PMR"
 765 170 170 170 1 1 1 "pms"
 766 255 76 62 1 1 1 "PMv"
 767 204 204 204 1 1 1 "pmx"
 768 255 144 159 1 1 1 "PO"
 769 204 204 204 1 1 1 "poc"
 770 255 144 159 1 1 1 "POL"
 771 255 174 111 1 1 1 "POR"
 772 72 200 60 1 1 1 "POST"
 773 72 200 60 1 1 1 "POST1"
 774 72 200 60 1 1 1 "POST2"
 775 72 200 60 1 1 1 "POST3"
 776 255 128 132 1 1 1 "PP"
 777 170 170 170 1 1 1 "ppf"
 778 255 166 255 1 1 1 "PPN"
 779 255 144 255 1 1 1 "PPT"
 780 255 179 217 1 1 1 "PPY"
 781 255 179 217 1 1 1 "PPYd"
 782 255 179 217 1 1 1 "PPYs"
 783 255 144 159 1 1 1 "PR"
 784 255 144 255 1 1 1 "PRC"
 785 89 185 71 1 1 1 "PRE"
 786 89 185 71 1 1 1 "PRE1"
 787 89 185 71 1 1 1 "PRE2"
 788 89 185 71 1 1 1 "PRE3"
 789 170 170 170 1 1 1 "pri"
 790 255 252 145 1 1 1 "PRM"
 791 236 231 84 1 1 1 "PRMgr"
 792 255 252 145 1 1 1 "PRMmo"
 793 255 252 145 1 1 1 "PRMpu"
 794 255 186 134 1 1 1 "PRNc"
 795 255 195 149 1 1 1 "PRNr"
 796 255 186 134 1 1 1 "PRNv"
 797 255 179 217 1 1 1 "PRP"
 798 255 144 255 1 1 1 "PRT"
 799 255 85 71 1 1 1 "PS"
 800 255 195 149 1 1 1 "P-sat"
 801 255 85 71 1 1 1 "PSCH"
 802 255 174 111 1 1 1 "P-sen"
 803 170 170 170 1 1 1 "psf"
 804 242 72 59 1 1 1 "PST"
 805 242 72 59 1 1 1 "PSTN"
 806 255 174 111 1 1 1 "PSV"
 807 255 144 159 1 1 1 "PT"
 808 204 204 204 1 1 1 "ptf"
 809 0 159 172 1 1 1 "PTLp"
 810 0 159 172 1 1 1 "PTLp1"
 811 0 159 172 1 1 1 "PTLp2/3"
 812 0 159 172 1 1 1 "PTLp4"
 813 0 159 172 1 1 1 "PTLp5"
 814 0 159 172 1 1 1 "PTLp6a"
 815 0 159 172 1 1 1 "PTLp6b"
 816 255 93 80 1 1 1 "PVa"
 817 204 204 204 1 1 1 "pvbh"
 818 204 204 204 1 1 1 "pvbt"
 819 255 93 80 1 1 1 "PVH"
 820 255 93 80 1 1 1 "PVHam"
 821 255 93 80 1 1 1 "PVHap"
 822 255 76 62 1 1 1 "PVHd"
 823 255 76 62 1 1 1 "PVHdp"
 824 255 76 62 1 1 1 "PVHf"
 825 255 76 62 1 1 1 "PVHlp"
 826 255 93 80 1 1 1 "PVHm"
 827 255 93 80 1 1 1 "PVHmm"
 828 255 93 80 1 1 1 "PVHmpd"
 829 255 76 62 1 1 1 "PVHmpv"
 830 255 93 80 1 1 1 "PVHp"
 831 255 93 80 1 1 1 "PVHpm"
 832 255 93 80 1 1 1 "PVHpml"
 833 255 93 80 1 1 1 "PVHpmm"
 834 255 93 80 1 1 1 "PVHpv"
 835 255 93 80 1 1 1 "PVi"
 836 255 85 71 1 1 1 "PVp"
 837 255 85 71 1 1 1 "PVpo"
 838 255 85 71 1 1 1 "PVR"
 839 255 144 159 1 1 1 "PVT"
 840 255 93 80 1 1 1 "PVZ"
 841 204 204 204 1 1 1 "py"
 842 204 204 204 1 1 1 "pyd"
 843 255 252 145 1 1 1 "PYR"
 844 236 231 84 1 1 1 "PYRgr"
 845 255 252 145 1 1 1 "PYRmo"
 846 255 252 145 1 1 1 "PYRpu"
 847 255 166 255 1 1 1 "RAmb"
 848 170 170 170 1 1 1 "RC"
 849 242 72 59 1 1 1 "RCH"
 850 204 204 204 1 1 1 "rct"
 851 255 144 159 1 1 1 "RE"
 852 170 170 170 1 1 1 "rf"
 853 255 144 159 1 1 1 "RH"
 854 50 184 37 1 1 1 "RHP"
 855 170 170 170 1 1 1 "ri"
 856 255 166 255 1 1 1 "RL"
 857 255 198 226 1 1 1 "RM"
 858 255 144 255 1 1 1 "RN"
 859 255 198 226 1 1 1 "RO"
 860 255 255 255 1 1 1 "root"
 861 255 198 226 1 1 1 "RPA"
 862 255 195 149 1 1 1 "RPO"
 863 255 144 255 1 1 1 "RR"
 864 204 204 204 1 1 1 "rrt"
 865 26 166 152 1 1 1 "RSP"
 866 26 166 152 1 1 1 "RSPagl"
 867 26 166 152 1 1 1 "RSPagl1"
 868 26 166 152 1 1 1 "RSPagl2/3"
 869 26 166 152 1 1 1 "RSPagl5"
 870 26 166 152 1 1 1 "RSPagl6a"
 871 26 166 152 1 1 1 "RSPagl6b"
 872 26 166 152 1 1 1 "RSPd"
 873 26 166 152 1 1 1 "RSPd1"
 874 26 166 152 1 1 1 "RSPd2/3"
 875 26 166 152 1 1 1 "RSPd4"
 876 26 166 152 1 1 1 "RSPd5"
 877 26 166 152 1 1 1 "RSPd6a"
 878 26 166 152 1 1 1 "RSPd6b"
 879 26 166 152 1 1 1 "RSPv"
 880 26 166 152 1 1 1 "RSPv1"
 881 26 166 152 1 1 1 "RSPv2"
 882 26 166 152 1 1 1 "RSPv2/3"
 883 26 166 152 1 1 1 "RSPv5"
 884 26 166 152 1 1 1 "RSPv6a"
 885 26 166 152 1 1 1 "RSPv6b"
 886 204 204 204 1 1 1 "rst"
 887 204 204 204 1 1 1 "rstl"
 888 204 204 204 1 1 1 "rstm"
 889 255 144 159 1 1 1 "RT"
 890 204 204 204 1 1 1 "rust"
 891 255 122 255 1 1 1 "SAG"
 892 128 192 226 1 1 1 "sAMY"
 893 255 85 71 1 1 1 "SBPV"
 894 255 144 255 1 1 1 "SCdg"
 895 255 144 255 1 1 1 "SCdw"
 896 255 85 71 1 1 1 "SCH"
 897 255 144 255 1 1 1 "SCig"
 898 255 144 255 1 1 1 "SCig-a"
 899 255 144 255 1 1 1 "SCig-b"
 900 255 144 255 1 1 1 "SCig-c"
 901 255 144 255 1 1 1 "SCiw"
 902 255 144 255 1 1 1 "SCm"
 903 255 122 255 1 1 1 "SCop"
 904 204 204 204 1 1 1 "scp"
 905 204 204 204 1 1 1 "scrt"
 906 255 122 255 1 1 1 "SCs"
 907 255 122 255 1 1 1 "SCsg"
 908 204 204 204 1 1 1 "sct"
 909 204 204 204 1 1 1 "sctd"
 910 204 204 204 1 1 1 "sctv"
 911 255 122 255 1 1 1 "SCzo"
 912 170 170 170 1 1 1 "sec"
 913 170 170 170 1 1 1 "SEZ"
 914 144 203 237 1 1 1 "SF"
 915 255 85 71 1 1 1 "SFO"
 916 255 186 134 1 1 1 "SG"
 917 255 144 159 1 1 1 "SGN"
 918 144 203 237 1 1 1 "SH"
 919 204 204 204 1 1 1 "shp"
 920 162 177 216 1 1 1 "SI"
 921 170 170 170 1 1 1 "sif"
 922 255 252 145 1 1 1 "SIM"
 923 236 231 84 1 1 1 "SIMgr"
 924 255 252 145 1 1 1 "SIMmo"
 925 255 252 145 1 1 1 "SIMpu"
 926 255 195 149 1 1 1 "SLC"
 927 255 195 149 1 1 1 "SLD"
 928 204 204 204 1 1 1 "sm"
 929 204 204 204 1 1 1 "smd"
 930 255 144 159 1 1 1 "SMT"
 931 255 166 255 1 1 1 "SNc"
 932 255 144 255 1 1 1 "SNl"
 933 204 204 204 1 1 1 "snp"
 934 255 144 255 1 1 1 "SNr"
 935 255 93 80 1 1 1 "SO"
 936 255 174 111 1 1 1 "SOC"
 937 255 174 111 1 1 1 "SOCl"
 938 255 174 111 1 1 1 "SOCm"
 939 204 204 204 1 1 1 "sop"
 940 255 128 132 1 1 1 "SPA"
 941 255 128 132 1 1 1 "SPF"
 942 255 128 132 1 1 1 "SPFm"
 943 255 128 132 1 1 1 "SPFp"
 944 255 179 217 1 1 1 "SPIV"
 945 204 204 204 1 1 1 "sptV"
 946 255 165 210 1 1 1 "SPVC"
 947 255 165 210 1 1 1 "SPVI"
 948 255 165 210 1 1 1 "SPVO"
 949 255 165 210 1 1 1 "SPVOcdm"
 950 255 165 210 1 1 1 "SPVOmdmd"
 951 255 165 210 1 1 1 "SPVOmdmv"
 952 255 165 210 1 1 1 "SPVOrdm"
 953 255 165 210 1 1 1 "SPVOvl"
 954 204 204 204 1 1 1 "srp"
 955 24 128 100 1 1 1 "SS"
 956 24 128 100 1 1 1 "SS1"
 957 24 128 100 1 1 1 "SS2/3"
 958 24 128 100 1 1 1 "SS4"
 959 24 128 100 1 1 1 "SS5"
 960 24 128 100 1 1 1 "SS6a"
 961 24 128 100 1 1 1 "SS6b"
 962 255 186 134 1 1 1 "SSN"
 963 24 128 100 1 1 1 "SSp"
 964 24 128 100 1 1 1 "SSp1"
 965 24 128 100 1 1 1 "SSp2/3"
 966 24 128 100 1 1 1 "SSp4"
 967 24 128 100 1 1 1 "SSp5"
 968 24 128 100 1 1 1 "SSp6a"
 969 24 128 100 1 1 1 "SSp6b"
 970 24 128 100 1 1 1 "SSp-bfd"
 971 24 128 100 1 1 1 "SSp-bfd1"
 972 24 128 100 1 1 1 "SSp-bfd2/3"
 973 24 128 100 1 1 1 "SSp-bfd4"
 974 24 128 100 1 1 1 "SSp-bfd5"
 975 24 128 100 1 1 1 "SSp-bfd6a"
 976 24 128 100 1 1 1 "SSp-bfd6b"
 977 24 128 100 1 1 1 "SSp-ll"
 978 24 128 100 1 1 1 "SSp-ll1"
 979 24 128 100 1 1 1 "SSp-ll2/3"
 980 24 128 100 1 1 1 "SSp-ll4"
 981 24 128 100 1 1 1 "SSp-ll5"
 982 24 128 100 1 1 1 "SSp-ll6a"
 983 24 128 100 1 1 1 "SSp-ll6b"
 984 24 128 100 1 1 1 "SSp-m"
 985 24 128 100 1 1 1 "SSp-m1"
 986 24 128 100 1 1 1 "SSp-m2/3"
 987 24 128 100 1 1 1 "SSp-m4"
 988 24 128 100 1 1 1 "SSp-m5"
 989 24 128 100 1 1 1 "SSp-m6a"
 990 24 128 100 1 1 1 "SSp-m6b"
 991 24 128 100 1 1 1 "SSp-n"
 992 24 128 100 1 1 1 "SSp-n1"
 993 24 128 100 1 1 1 "SSp-n2/3"
 994 24 128 100 1 1 1 "SSp-n4"
 995 24 128 100 1 1 1 "SSp-n5"
 996 24 128 100 1 1 1 "SSp-n6a"
 997 24 128 100 1 1 1 "SSp-n6b"
 998 24 128 100 1 1 1 "SSp-tr"
 999 24 128 100 1 1 1 "SSp-tr1"
 1000 24 128 100 1 1 1 "SSp-tr2/3"
 1001 24 128 100 1 1 1 "SSp-tr4"
 1002 24 128 100 1 1 1 "SSp-tr5"
 1003 24 128 100 1 1 1 "SSp-tr6a"
 1004 24 128 100 1 1 1 "SSp-tr6b"
 1005 24 128 100 1 1 1 "SSp-ul"
 1006 24 128 100 1 1 1 "SSp-ul1"
 1007 24 128 100 1 1 1 "SSp-ul2/3"
 1008 24 128 100 1 1 1 "SSp-ul4"
 1009 24 128 100 1 1 1 "SSp-ul5"
 1010 24 128 100 1 1 1 "SSp-ul6a"
 1011 24 128 100 1 1 1 "SSp-ul6b"
 1012 24 128 100 1 1 1 "SSp-un"
 1013 24 128 100 1 1 1 "SSp-un1"
 1014 24 128 100 1 1 1 "SSp-un2/3"
 1015 24 128 100 1 1 1 "SSp-un4"
 1016 24 128 100 1 1 1 "SSp-un5"
 1017 24 128 100 1 1 1 "SSp-un6a"
 1018 24 128 100 1 1 1 "SSp-un6b"
 1019 24 128 100 1 1 1 "SSs"
 1020 24 128 100 1 1 1 "SSs1"
 1021 24 128 100 1 1 1 "SSs2/3"
 1022 24 128 100 1 1 1 "SSs4"
 1023 24 128 100 1 1 1 "SSs5"
 1024 24 128 100 1 1 1 "SSs6a"
 1025 24 128 100 1 1 1 "SSs6b"
 1026 204 204 204 1 1 1 "sst"
 1027 204 204 204 1 1 1 "st"
 1028 204 204 204 1 1 1 "step"
 1029 204 204 204 1 1 1 "stf"
 1030 242 72 59 1 1 1 "STN"
 1031 204 204 204 1 1 1 "stp"
 1032 152 214 249 1 1 1 "STR"
 1033 152 214 249 1 1 1 "STRd"
 1034 128 205 248 1 1 1 "STRv"
 1035 204 204 204 1 1 1 "sttl"
 1036 204 204 204 1 1 1 "sttv"
 1037 79 194 68 1 1 1 "SUB"
 1038 79 194 68 1 1 1 "SUBd"
 1039 79 194 68 1 1 1 "SUBd-m"
 1040 75 181 71 1 1 1 "SUBd-sp"
 1041 79 194 68 1 1 1 "SUBd-sr"
 1042 255 144 159 1 1 1 "SubG"
 1043 79 194 68 1 1 1 "SUBv"
 1044 79 194 68 1 1 1 "SUBv-m"
 1045 75 181 71 1 1 1 "SUBv-sp"
 1046 79 194 68 1 1 1 "SUBv-sr"
 1047 255 76 62 1 1 1 "SUM"
 1048 255 76 62 1 1 1 "SUMl"
 1049 255 76 62 1 1 1 "SUMm"
 1050 204 204 204 1 1 1 "sup"
 1051 204 204 204 1 1 1 "supa"
 1052 204 204 204 1 1 1 "supd"
 1053 204 204 204 1 1 1 "supv"
 1054 255 186 134 1 1 1 "SUT"
 1055 255 179 217 1 1 1 "SUV"
 1056 204 204 204 1 1 1 "sV"
 1057 204 204 204 1 1 1 "svp"
 1058 204 204 204 1 1 1 "tb"
 1059 204 204 204 1 1 1 "tct"
 1060 21 176 179 1 1 1 "TEa"
 1061 21 176 179 1 1 1 "TEa1"
 1062 21 176 179 1 1 1 "TEa2/3"
 1063 21 176 179 1 1 1 "TEa4"
 1064 21 176 179 1 1 1 "TEa5"
 1065 21 176 179 1 1 1 "TEa6a"
 1066 21 176 179 1 1 1 "TEa6b"
 1067 255 112 128 1 1 1 "TH"
 1068 255 76 62 1 1 1 "TM"
 1069 255 76 62 1 1 1 "TMd"
 1070 255 76 62 1 1 1 "TMv"
 1071 204 204 204 1 1 1 "tn"
 1072 204 204 204 1 1 1 "tp"
 1073 168 236 211 1 1 1 "TR"
 1074 168 236 211 1 1 1 "TR1"
 1075 168 236 211 1 1 1 "TR1-3"
 1076 168 236 211 1 1 1 "TR2"
 1077 168 236 211 1 1 1 "TR3"
 1078 255 186 134 1 1 1 "TRN"
 1079 150 167 211 1 1 1 "TRS"
 1080 204 204 204 1 1 1 "ts"
 1081 204 204 204 1 1 1 "tsp"
 1082 204 204 204 1 1 1 "tspc"
 1083 204 204 204 1 1 1 "tspd"
 1084 98 208 159 1 1 1 "TT"
 1085 98 208 159 1 1 1 "TTd"
 1086 98 208 159 1 1 1 "TTd1"
 1087 98 208 159 1 1 1 "TTd1-4"
 1088 98 208 159 1 1 1 "TTd2"
 1089 98 208 159 1 1 1 "TTd3"
 1090 98 208 159 1 1 1 "TTd4"
 1091 204 204 204 1 1 1 "ttp"
 1092 98 208 159 1 1 1 "TTv"
 1093 98 208 159 1 1 1 "TTv1"
 1094 98 208 159 1 1 1 "TTv1-3"
 1095 98 208 159 1 1 1 "TTv2"
 1096 98 208 159 1 1 1 "TTv3"
 1097 242 72 59 1 1 1 "TU"
 1098 204 204 204 1 1 1 "uf"
 1099 255 252 145 1 1 1 "UVU"
 1100 236 231 84 1 1 1 "UVUgr"
 1101 255 252 145 1 1 1 "UVUmo"
 1102 255 252 145 1 1 1 "UVUpu"
 1103 255 186 134 1 1 1 "V"
 1104 170 170 170 1 1 1 "V3"
 1105 170 170 170 1 1 1 "V4"
 1106 170 170 170 1 1 1 "V4r"
 1107 255 128 132 1 1 1 "VAL"
 1108 204 204 204 1 1 1 "vc"
 1109 255 165 210 1 1 1 "VCO"
 1110 255 128 132 1 1 1 "VENT"
 1111 255 252 145 1 1 1 "VERM"
 1112 204 204 204 1 1 1 "vhc"
 1113 255 179 217 1 1 1 "VI"
 1114 255 179 217 1 1 1 "VII"
 1115 204 204 204 1 1 1 "VIIIn"
 1116 204 204 204 1 1 1 "VIIn"
 1117 204 204 204 1 1 1 "VIn"
 1118 8 133 140 1 1 1 "VIS"
 1119 8 133 140 1 1 1 "VIS1"
 1120 8 133 140 1 1 1 "VIS2/3"
 1121 8 133 140 1 1 1 "VIS4"
 1122 8 133 140 1 1 1 "VIS5"
 1123 8 133 140 1 1 1 "VIS6a"
 1124 8 133 140 1 1 1 "VIS6b"
 1125 8 133 140 1 1 1 "VISal"
 1126 8 133 140 1 1 1 "VISal1"
 1127 8 133 140 1 1 1 "VISal2/3"
 1128 8 133 140 1 1 1 "VISal4"
 1129 8 133 140 1 1 1 "VISal5"
 1130 8 133 140 1 1 1 "VISal6a"
 1131 8 133 140 1 1 1 "VISal6b"
 1132 8 133 140 1 1 1 "VISam"
 1133 8 133 140 1 1 1 "VISam1"
 1134 8 133 140 1 1 1 "VISam2/3"
 1135 8 133 140 1 1 1 "VISam4"
 1136 8 133 140 1 1 1 "VISam5"
 1137 8 133 140 1 1 1 "VISam6a"
 1138 8 133 140 1 1 1 "VISam6b"
 1139 17 173 131 1 1 1 "VISC"
 1140 17 173 131 1 1 1 "VISC1"
 1141 17 173 131 1 1 1 "VISC2/3"
 1142 17 173 131 1 1 1 "VISC4"
 1143 17 173 131 1 1 1 "VISC5"
 1144 17 173 131 1 1 1 "VISC6a"
 1145 17 173 131 1 1 1 "VISC6b"
 1146 8 133 140 1 1 1 "VISl"
 1147 8 133 140 1 1 1 "VISl1"
 1148 8 133 140 1 1 1 "VISl23"
 1149 8 133 140 1 1 1 "VISl4"
 1150 8 133 140 1 1 1 "VISl5"
 1151 8 133 140 1 1 1 "VISl6a"
 1152 8 133 140 1 1 1 "VISl6b"
 1153 8 133 140 1 1 1 "VISp"
 1154 8 133 140 1 1 1 "VISp1"
 1155 8 133 140 1 1 1 "VISp2/3"
 1156 8 133 140 1 1 1 "VISp4"
 1157 8 133 140 1 1 1 "VISp5"
 1158 8 133 140 1 1 1 "VISp6a"
 1159 8 133 140 1 1 1 "VISp6b"
 1160 8 133 140 1 1 1 "VISpl"
 1161 8 133 140 1 1 1 "VISpl1"
 1162 8 133 140 1 1 1 "VISpl2/3"
 1163 8 133 140 1 1 1 "VISpl4"
 1164 8 133 140 1 1 1 "VISpl5"
 1165 8 133 140 1 1 1 "VISpl6a"
 1166 8 133 140 1 1 1 "VISpl6b"
 1167 8 133 140 1 1 1 "VISpm"
 1168 8 133 140 1 1 1 "VISpm1"
 1169 8 133 140 1 1 1 "VISpm2/3"
 1170 8 133 140 1 1 1 "VISpm4"
 1171 8 133 140 1 1 1 "VISpm5"
 1172 8 133 140 1 1 1 "VISpm6a"
 1173 8 133 140 1 1 1 "VISpm6b"
 1174 170 170 170 1 1 1 "VL"
 1175 255 85 71 1 1 1 "VLPO"
 1176 204 204 204 1 1 1 "vlt"
 1177 255 128 132 1 1 1 "VM"
 1178 255 76 62 1 1 1 "VMH"
 1179 255 76 62 1 1 1 "VMHa"
 1180 255 76 62 1 1 1 "VMHc"
 1181 255 76 62 1 1 1 "VMHdm"
 1182 255 76 62 1 1 1 "VMHvl"
 1183 204 204 204 1 1 1 "Vn"
 1184 255 179 217 1 1 1 "VNC"
 1185 204 204 204 1 1 1 "von"
 1186 255 128 132 1 1 1 "VP"
 1187 255 128 132 1 1 1 "VPL"
 1188 255 128 132 1 1 1 "VPLpc"
 1189 255 128 132 1 1 1 "VPM"
 1190 255 128 132 1 1 1 "VPMpc"
 1191 204 204 204 1 1 1 "vrt"
 1192 170 170 170 1 1 1 "VS"
 1193 204 204 204 1 1 1 "vsp"
 1194 255 144 255 1 1 1 "VTA"
 1195 204 204 204 1 1 1 "vtd"
 1196 255 144 255 1 1 1 "VTN"
 1197 204 204 204 1 1 1 "vVIIIn"
 1198 255 179 217 1 1 1 "x"
 1199 255 179 217 1 1 1 "XII"
 1200 204 204 204 1 1 1 "XIIn"
 1201 204 204 204 1 1 1 "XIn"
 1202 204 204 204 1 1 1 "Xn"
 1203 255 179 217 1 1 1 "y"
 1204 255 165 210 1 1 1 "z"
 1205 242 72 59 1 1 1 "ZI"
 1206 127 46 126 1 1 1 "retina"
 1207 0 159 172 1 1 1 "VISa"
 1208 0 159 172 1 1 1 "VISa1"
 1209 0 159 172 1 1 1 "VISa2/3"
 1210 0 159 172 1 1 1 "VISa4"
 1211 0 159 172 1 1 1 "VISa5"
 1212 0 159 172 1 1 1 "VISa6a"
 1213 0 159 172 1 1 1 "VISa6b"
 1214 8 133 140 1 1 1 "VISli"
 1215 8 133 140 1 1 1 "VISli1"
 1216 8 133 140 1 1 1 "VISli2/3"
 1217 8 133 140 1 1 1 "VISli4"
 1218 8 133 140 1 1 1 "VISli5"
 1219 8 133 140 1 1 1 "VISli6a"
 1220 8 133 140 1 1 1 "VISli6b"
 1221 8 133 140 1 1 1 "VISpor"
 1222 8 133 140 1 1 1 "VISpor1"
 1223 8 133 140 1 1 1 "VISpor2/3"
 1224 8 133 140 1 1 1 "VISpor4"
 1225 8 133 140 1 1 1 "VISpor5"
 1226 8 133 140 1 1 1 "VISpor6a"
 1227 8 133 140 1 1 1 "VISpor6b"
 1228 0 159 172 1 1 1 "VISrl"
 1229 0 159 172 1 1 1 "VISrl1"
 1230 0 159 172 1 1 1 "VISrl2/3"
 1231 0 159 172 1 1 1 "VISrl4"
 1232 0 159 172 1 1 1 "VISrl5"
 1233 0 159 172 1 1 1 "VISrl6a"
 1234 0 159 172 1 1 1 "VISrl6b"
 1235 51 185 50 1 1 1 "APr"
 1236 204 204 204 1 1 1 "ar"
 1237 204 204 204 1 1 1 "ccb"
 1238 204 204 204 1 1 1 "or"
 1239 88 186 72 1 1 1 "ProS"
 1240 88 186 72 1 1 1 "ProSd"
 1241 88 186 72 1 1 1 "ProSd-m"
 1242 86 184 75 1 1 1 "ProSd-sp"
 1243 88 186 72 1 1 1 "ProSd-sr"
 1244 88 186 72 1 1 1 "ProSv"
 1245 88 186 72 1 1 1 "ProSv-m"
 1246 86 184 75 1 1 1 "ProSv-sp"
 1247 88 186 72 1 1 1 "Prosv-sr"
 1248 204 204 204 1 1 1 "scwm"
 1249 204 204 204 1 1 1 "stc"
 1250 1 147 153 1 1 1 "VISlla"
 1251 1 147 153 1 1 1 "VISlla1"
 1252 1 147 153 1 1 1 "VISlla2/3"
 1253 1 147 153 1 1 1 "VISlla4"
 1254 1 147 153 1 1 1 "VISlla5"
 1255 1 147 153 1 1 1 "VISlla6a"
 1256 1 147 153 1 1 1 "VISlla6b"
 1257 26 166 152 1 1 1 "VISm"
 1258 26 166 152 1 1 1 "VISm1"
 1259 26 166 152 1 1 1 "VISm2/3"
 1260 26 166 152 1 1 1 "VISm4"
 1261 26 166 152 1 1 1 "VISm5"
 1262 26 166 152 1 1 1 "VISm6a"
 1263 26 166 152 1 1 1 "VISm6b"
 1264 26 166 152 1 1 1 "VISmma"
 1265 26 166 152 1 1 1 "VISmma1"
 1266 26 166 152 1 1 1 "VISmma2/3"
 1267 26 166 152 1 1 1 "VISmma4"
 1268 26 166 152 1 1 1 "VISmma5"
 1269 26 166 152 1 1 1 "VISmma6a"
 1270 26 166 152 1 1 1 "VISmma6b"
 1271 26 166 152 1 1 1 "VISmmp"
 1272 26 166 152 1 1 1 "VISmmp1"
 1273 26 166 152 1 1 1 "VISmmp2/3"
 1274 26 166 152 1 1 1 "VISmmp4"
 1275 26 166 152 1 1 1 "VISmmp5"
 1276 26 166 152 1 1 1 "VISmmp6a"
 1277 26 166 152 1 1 1 "VISmmp6b"
 1278 24 128 100 1 1 1 "VISrll"
 1279 24 128 100 1 1 1 "VISrll1"
 1280 24 128 100 1 1 1 "VISrll2/3"
 1281 24 128 100 1 1 1 "VISrll4"
 1282 24 128 100 1 1 1 "VISrll5"
 1283 24 128 100 1 1 1 "VISrll6a"
 1284 24 128 100 1 1 1 "VISrll6b"
 1285 255 128 132 1 1 1 "LGd-sh"
 1286 255 128 132 1 1 1 "LGd-co"
 1287 255 128 132 1 1 1 "LGd-ip"
 1288 38 143 69 1 1 1 "FRP5"
 1289 38 143 69 1 1 1 "FRP6a"
 1290 38 143 69 1 1 1 "FRP6b"
 1291 36 138 94 1 1 1 "ORBm6b"
 1292 255 144 255 1 1 1 "RPF"
 1293 255 144 255 1 1 1 "InCo"
 1294 255 144 255 1 1 1 "MA3"
 1295 255 186 134 1 1 1 "P5"
 1296 255 186 134 1 1 1 "Acs5"
 1297 255 186 134 1 1 1 "PC5"
 1298 255 186 134 1 1 1 "I5"
 1299 128 205 248 1 1 1 "LSS"
 1300 255 144 159 1 1 1 "Eth"
 1301 255 144 159 1 1 1 "REth"
 1302 255 144 159 1 1 1 "Xi"
 1303 255 144 159 1 1 1 "PIL"
 1304 255 128 132 1 1 1 "PoT"
 1305 255 144 159 1 1 1 "IntG"
 1306 242 72 59 1 1 1 "PeF"
 1307 255 85 71 1 1 1 "VMPO"
 1308 51 185 50 1 1 1 "HATA"
 1309 255 253 188 1 1 1 "VeCb"
 1310 255 165 210 1 1 1 "Pa5"
 1311 255 186 134 1 1 1 "PDTg"
 1312 255 122 255 1 1 1 "SCO"
 1313 255 76 62 1 1 1 "Mml"
 1314 255 76 62 1 1 1 "Mmm"
 1315 255 76 62 1 1 1 "Mmp"
 1316 255 76 62 1 1 1 "Mmd"
 1317 255 144 255 1 1 1 "Pa4"
 1318 255 144 255 1 1 1 "PN"
 1319 255 166 255 1 1 1 "IPR"
 1320 255 166 255 1 1 1 "IPC"
 1321 255 166 255 1 1 1 "IPA"
 1322 255 166 255 1 1 1 "IPL"
 1323 255 166 255 1 1 1 "IPI"
 1324 255 166 255 1 1 1 "IPDM"
 1325 255 166 255 1 1 1 "IPDL"
 1326 255 166 255 1 1 1 "IPRL"
 1327 255 144 255 1 1 1 "Su3"